{
 "cells": [
  {
   "cell_type": "code",
   "execution_count": 1,
   "id": "747d93b4",
   "metadata": {},
   "outputs": [
    {
     "name": "stdout",
     "output_type": "stream",
     "text": [
      "----------------------------------\n",
      "Cross reactivity to epitope A\n",
      "               X1         X2          Y1         Y2      EG.5.1\n",
      "X1       1.000000   4.315848   26.550694  22.940999   59.795550\n",
      "X2       4.315848   1.000000   26.834652  22.940999   59.559491\n",
      "Y1      26.550694  26.834652    1.000000  58.527973  101.368363\n",
      "Y2      22.940999  22.940999   58.527973   1.000000   59.932025\n",
      "EG.5.1  59.795550  59.559491  101.368363  59.932025    1.000000\n",
      "----------------------------------\n",
      "Cross reactivity to epitope B\n",
      "                 X1           X2           Y1           Y2       EG.5.1\n",
      "X1         1.000000   149.338384   232.845595   176.667245  4688.453718\n",
      "X2       149.338384     1.000000   234.390154   176.667245  4690.166551\n",
      "Y1       232.845595   234.390154     1.000000   286.578002  4739.496017\n",
      "Y2       176.667245   176.667245   286.578002     1.000000  4692.064928\n",
      "EG.5.1  4688.453718  4690.166551  4739.496017  4692.064928     1.000000\n",
      "----------------------------------\n",
      "Cross reactivity to epitope C\n",
      "                X1          X2          Y1          Y2      EG.5.1\n",
      "X1        1.000000   42.183969  146.169136  352.711031  598.396563\n",
      "X2       42.183969    1.000000  148.705198  352.711031  601.610015\n",
      "Y1      146.169136  148.705198    1.000000  489.828587  632.875036\n",
      "Y2      352.711031  352.711031  489.828587    1.000000  607.095411\n",
      "EG.5.1  598.396563  601.610015  632.875036  607.095411    1.000000\n",
      "----------------------------------\n",
      "Cross reactivity to epitope D1\n",
      "                X1          X2          Y1          Y2      EG.5.1\n",
      "X1        1.000000   35.914900   57.385467  138.531247   92.164745\n",
      "X2       35.914900    1.000000  126.109881  138.531247  189.445914\n",
      "Y1       57.385467  126.109881    1.000000  432.898378  241.192162\n",
      "Y2      138.531247  138.531247  432.898378    1.000000  189.929362\n",
      "EG.5.1   92.164745  189.445914  241.192162  189.929362    1.000000\n",
      "----------------------------------\n",
      "Cross reactivity to epitope D2\n",
      "                X1           X2           Y1           Y2       EG.5.1\n",
      "X1        1.000000    55.120156   208.931298   500.769381   915.556548\n",
      "X2       55.120156     1.000000   284.339109   500.769381  1040.236639\n",
      "Y1      208.931298   284.339109     1.000000   639.491285  1013.665835\n",
      "Y2      500.769381   500.769381   639.491285     1.000000  1040.242981\n",
      "EG.5.1  915.556548  1040.236639  1013.665835  1040.242981     1.000000\n",
      "----------------------------------\n",
      "Cross reactivity to epitope E12\n",
      "                X1          X2          Y1          Y2      EG.5.1\n",
      "X1        1.000000    9.121553   11.348956   51.092265  761.165139\n",
      "X2        9.121553    1.000000   13.828767   51.092265  777.919432\n",
      "Y1       11.348956   13.828767    1.000000   63.547977  753.646959\n",
      "Y2       51.092265   51.092265   63.547977    1.000000  778.250512\n",
      "EG.5.1  761.165139  777.919432  753.646959  778.250512    1.000000\n",
      "----------------------------------\n",
      "Cross reactivity to epitope E3\n",
      "              X1        X2        Y1        Y2    EG.5.1\n",
      "X1      1.000000  1.174446  1.094112  1.104470  1.294479\n",
      "X2      1.174446  1.000000  1.125885  1.104470  1.316069\n",
      "Y1      1.094112  1.125885  1.000000  1.186180  1.368460\n",
      "Y2      1.104470  1.104470  1.186180  1.000000  1.316069\n",
      "EG.5.1  1.294479  1.316069  1.368460  1.316069  1.000000\n",
      "----------------------------------\n",
      "Cross reactivity to epitope F1\n",
      "               X1         X2         Y1         Y2     EG.5.1\n",
      "X1       1.000000   1.000000   1.982552   1.273714  58.080753\n",
      "X2       1.000000   1.000000   1.958587   1.273714  58.080753\n",
      "Y1       1.982552   1.958587   1.000000   1.914002  52.644491\n",
      "Y2       1.273714   1.273714   1.914002   1.000000  55.226715\n",
      "EG.5.1  58.080753  58.080753  52.644491  55.226715   1.000000\n",
      "----------------------------------\n",
      "Cross reactivity to epitope F2\n",
      "                X1          X2          Y1          Y2      EG.5.1\n",
      "X1        1.000000    8.626792   23.103693    3.465176  223.763880\n",
      "X2        8.626792    1.000000   22.217764    3.465176  223.834088\n",
      "Y1       23.103693   22.217764    1.000000   18.884981  221.416541\n",
      "Y2        3.465176    3.465176   18.884981    1.000000  223.908943\n",
      "EG.5.1  223.763880  223.834088  221.416541  223.908943    1.000000\n",
      "----------------------------------\n",
      "Cross reactivity to epitope F3\n",
      "               X1         X2         Y1         Y2     EG.5.1\n",
      "X1       1.000000   6.718580   4.111003   2.535363  54.161519\n",
      "X2       6.718580   1.000000   4.182517   2.535363  54.463224\n",
      "Y1       4.111003   4.182517   1.000000   4.748440  57.965892\n",
      "Y2       2.535363   2.535363   4.748440   1.000000  54.463224\n",
      "EG.5.1  54.161519  54.463224  57.965892  54.463224   1.000000\n",
      "----------------------------------\n",
      "Cross reactivity to epitope NTD\n",
      "                 X1           X2           Y1          Y2       EG.5.1\n",
      "X1              1.0          1.0   10000000.0   1000000.0  100000000.0\n",
      "X2              1.0          1.0   10000000.0   1000000.0  100000000.0\n",
      "Y1       10000000.0   10000000.0          1.0  10000000.0  100000000.0\n",
      "Y2        1000000.0    1000000.0   10000000.0         1.0     100000.0\n",
      "EG.5.1  100000000.0  100000000.0  100000000.0    100000.0          1.0\n"
     ]
    }
   ],
   "source": [
    "\"\"\"Compute Cross Reactivity between two groups of lineage lists\"\"\"\n",
    "from scripts.Compute_FR_SC2 import Compute_FR_SC2\n",
    "import pandas as pd\n",
    "\n",
    "### Two list of lineages to investigate and their corresponding files mutation profile as dictionary ###\n",
    "### Here we use the same list of lineages to obtain a symetrical cross-reactivity output\n",
    "lineage_list_1 = [\"X1\", \"X2\", \"Y1\", \"Y2\", \"EG.5.1\"]\n",
    "\n",
    "mut_dic_1 = { \"X1\": \"data/input/X1_mut.txt\",\n",
    "              \"X2\": \"data/input/X2_mut.txt\",\n",
    "              \"Y1\":\"data/input/Y1_mut.txt\",\n",
    "              \"Y2\":\"data/input/Y2_mut.txt\",\n",
    "              \"EG.5.1\":\"data/input/EG_5_1.txt\"\n",
    "             }\n",
    "\n",
    "lineage_list_2 = [\"X1\", \"X2\", \"Y1\", \"Y2\", \"EG.5.1\"]\n",
    "\n",
    "mut_dic_2 = { \"X1\": \"data/input/X1_mut.txt\",\n",
    "              \"X2\": \"data/input/X2_mut.txt\",\n",
    "              \"Y1\":\"data/input/Y1_mut.txt\",\n",
    "              \"Y2\":\"data/input/Y2_mut.txt\",\n",
    "              \"EG.5.1\":\"data/input/EG_5_1.txt\"\n",
    "             }\n",
    "\n",
    "\n",
    "### Compute Cross ###\n",
    "Cross_dic, epitopes = Compute_FR_SC2(lins_1 = lineage_list_1, \n",
    "                                lins_2 = lineage_list_2, \n",
    "                                Muts_1 = mut_dic_1,\n",
    "                                Muts_2 = mut_dic_2,\n",
    "                                dms_data = \"data/dms_per_ab_per_site.csv\", \n",
    "                                add_WT = False) # add wild-type\n",
    "\n",
    "### Save results to csv ###\n",
    "for ab in epitopes:\n",
    "    Cross_df = pd.DataFrame(Cross_dic[ab], \n",
    "                            index = Cross_dic[\"variant_list1\"], \n",
    "                            columns = Cross_dic[\"variant_list2\"]) ### dataframes are already aligned\n",
    "    Cross_df.to_csv(\"data/output/cross_sim_%s.csv\"%ab)\n",
    "    print(\"----------------------------------\")\n",
    "    print(\"Cross reactivity to epitope %s\"%ab)\n",
    "    print(Cross_df)"
   ]
  },
  {
   "cell_type": "code",
   "execution_count": 2,
   "id": "5cd41733",
   "metadata": {},
   "outputs": [],
   "source": [
    "\"\"\"Compute Variant Fitness for a tested variant which \n",
    "must always be included in lineage_list_1 because of asymetry of the cross reactivity table\n",
    "\"\"\"\n",
    "from scripts.Fitness_SC2 import Immune_dynamics\n",
    "import numpy as np\n",
    "### load pharmacokinetics used : each columns represents a combination of pharamacokinetics parameters ####\n",
    "PK_dframe = pd.read_csv(\"data/PK_for_all_Epitopes.csv\")\n",
    "\n",
    "### Drop irrelevant columns\n",
    "PK_dframe.drop(columns = [\"Day since activation\", \"Unnamed: 0\"], inplace = True)\n",
    "\n",
    "### Potency of Epitope classes ####\n",
    "potency = {'A': 0.2581345199991067, 'B': 0.15002419850071694, 'C': 0.5961299385766167, \n",
    "           'D1': 0.6163901409163847, 'D2': 0.17142504894868016, 'E12': 1.0086135510680292, \n",
    "           'E3': 2.4564828793602276, 'F1': 3.0147209112838187, 'F2': 0.8418299673818657, \n",
    "           'F3': 0.8862488439645552, 'NTD': 1.0}\n",
    "\n",
    "IC50xx = 1.5245833433873104\n",
    "IC50xx_dic = {epitopes[i]:IC50xx*potency[epitopes[i]] for i in range(len(epitopes))}\n",
    "\n"
   ]
  },
  {
   "cell_type": "markdown",
   "id": "1a971796",
   "metadata": {},
   "source": [
    "**Expected sterilizing immunity against variant y**\n",
    "\n",
    "$$\\mathbb{E}[{Immune}_y(t)] = \\sum_{x \\in \\mathcal{X}} \\int_{0}^t \\pi_x(s) \\cdot I(s) \\cdot P_{Neut}(t-s, x, y) ds$$\n",
    "where \n",
    "- $\\mathcal{X}$ is the group of all variants infection history\n",
    "- $\\pi_x$ is the proportion of variants $x$, \n",
    "- $I$ is the infection timeline, \n",
    "- and $P_{Neut}$ is the Neutralization probability\n",
    "\n",
    "**Expected number of susceptible to infection with variant y**\n",
    "\n",
    "$$\\mathbb{E}[S_y(t)] = Pop - \\mathbb{E}[Immune_y(t)]$$"
   ]
  },
  {
   "cell_type": "code",
   "execution_count": 3,
   "id": "67950da4",
   "metadata": {},
   "outputs": [
    {
     "name": "stdout",
     "output_type": "stream",
     "text": [
      "Simulation for t_half = 25.000 \n",
      "t_max = 14.000\n",
      "Expected Susceptible for Y1 [97.4150034  90.01833642 80.75889396 67.28800895 56.78118173]\n",
      "Expected Susceptible for Y2 [96.4415912  86.55764151 74.49685771 57.18340527 44.38262903]\n"
     ]
    }
   ],
   "source": [
    "\"\"\"Example simulation for 5 timepoints data and 3 variants in the historical timeline\"\"\"\n",
    "### provide infection data\n",
    "Pop = 100 ### total population\n",
    "infection_data = np.array([20, 50, 30, 60, 10]) ### asumming 5 timepoints\n",
    "\n",
    "### provide variant proportion timeline, each row represents the variant corresponding to variants_in_timeline\n",
    "\n",
    "# NB: if cross-reactivity file is asymetric, variants_in_timeline has to be a subset of lineage_list_2 \n",
    "# But here it does not matter because we computed a symetrical cross-reactivity\n",
    "\n",
    "variants_in_timeline = [\"X1\", \"X2\", \"EG.5.1\"] \n",
    "variant_proportion = (1/100.)*np.array([[30, 20, 50, 40, 10],\n",
    "                                        [60, 50, 40, 30, 10],\n",
    "                                        [10, 30, 10, 30, 80]]) \n",
    "                                        ### asumming timepoints equal to that of infection timeline\n",
    "\n",
    "\n",
    "### Choose one of the 75 combination of pharmacokinetics parameter\n",
    "PK_params = list(PK_dframe.columns)\n",
    "ind = 0 # As an example\n",
    "PK_trend = PK_dframe[PK_params[ind]].to_numpy()\n",
    "    \n",
    "### compute expected number of immunized\n",
    "tested_variant1 = \"Y1\"\n",
    "Exp_Immunized1 = Immune_dynamics(PK_trend, \n",
    "                infection_data, \n",
    "                tested_variant = tested_variant1, \n",
    "                variants_in_timeline = variants_in_timeline, \n",
    "                variant_proportion = variant_proportion, \n",
    "                Ab_classes = epitopes,      \n",
    "                IC50xx_dic = IC50xx_dic, \n",
    "                Cross_react_dic = Cross_dic)\n",
    "\n",
    "### expected number of susceptibles\n",
    "Exp_Susc1 = Pop - Exp_Immunized1\n",
    "\n",
    "### compute expected number of immunized\n",
    "tested_variant2 = \"Y2\"\n",
    "Exp_Immunized2 = Immune_dynamics(PK_trend, \n",
    "                infection_data, \n",
    "                tested_variant = tested_variant2, \n",
    "                variants_in_timeline = variants_in_timeline, \n",
    "                variant_proportion = variant_proportion, \n",
    "                Ab_classes = epitopes,      \n",
    "                IC50xx_dic = IC50xx_dic, \n",
    "                Cross_react_dic = Cross_dic)\n",
    "\n",
    "### expected number of susceptibles\n",
    "Exp_Susc2 = Pop - Exp_Immunized2\n",
    "\n",
    "### Compare fitnesses\n",
    "print(\"Simulation for %s\"%PK_params[ind])\n",
    "print(\"Expected Susceptible for %s\"%tested_variant1, Exp_Susc1)\n",
    "print(\"Expected Susceptible for %s\"%tested_variant2, Exp_Susc2)"
   ]
  },
  {
   "cell_type": "markdown",
   "id": "b62e7dd4",
   "metadata": {},
   "source": [
    "**Relative number of Susceptible to variant y**\n",
    "\n",
    "$$\\gamma_y(t) = \\dfrac{\\mathbb{E}[S_y(t)] - \\sum_{x\\in \\mathcal{X}} \\pi_x(t) \\cdot \\mathbb{E}[S_x(t)]}{\\sum_{x\\in \\mathcal{X}} \\pi_x(t) \\cdot \\mathbb{E}[S_x(t)]}$$"
   ]
  },
  {
   "cell_type": "code",
   "execution_count": 4,
   "id": "c509eb4b",
   "metadata": {},
   "outputs": [
    {
     "name": "stdout",
     "output_type": "stream",
     "text": [
      "Simulation for t_half = 25.000 \n",
      "t_max = 14.000\n",
      "Relative fitness for Y1 [2.28742043 3.03903772 4.4945452  9.07166215 4.6615441 ]\n",
      "Relative fitness for Y2 [2.25457112 2.88375961 4.06849873 7.55920613 3.42530789]\n"
     ]
    }
   ],
   "source": [
    "\"\"\"Evaluate relative number of Susceptible\"\"\"\n",
    "\n",
    "def gamma_y(S, pS_mean):\n",
    "    return np.divide(S - pS_mean, pS_mean, out = np.zeros(len(S)), where = pS_mean != 0.)\n",
    "\n",
    "### compute S_timeline, the vector containing the expected number of susceptible fo\n",
    "S_timeline = []\n",
    "\n",
    "for i in range(len(variants_in_timeline)):\n",
    "    Ei = Immune_dynamics(PK_trend, \n",
    "                infection_data, \n",
    "                tested_variant = variants_in_timeline[i], ### here compute for variants that are in timeline \n",
    "                variants_in_timeline = variants_in_timeline, \n",
    "                variant_proportion = variant_proportion, \n",
    "                Ab_classes = epitopes,      \n",
    "                IC50xx_dic = IC50xx_dic, \n",
    "                Cross_react_dic = Cross_dic)\n",
    "    \n",
    "    S_timeline.append(Pop - Ei)\n",
    "\n",
    "### Compute mean trend\n",
    "pS_mean = np.mean(variant_proportion*np.array(S_timeline), axis = 0)\n",
    "\n",
    "### compute gamma for tested_variant1\n",
    "gY1 = gamma_y(Exp_Susc1, pS_mean)\n",
    "### compute gamma for tested_variant2\n",
    "gY2 = gamma_y(Exp_Susc2, pS_mean)\n",
    "\n",
    "### Compare relative fitnesses\n",
    "print(\"Simulation for %s\"%PK_params[ind])\n",
    "print(\"Relative fitness for %s\"%tested_variant1, gY1)\n",
    "print(\"Relative fitness for %s\"%tested_variant2, gY2)"
   ]
  }
 ],
 "metadata": {
  "kernelspec": {
   "display_name": "Python 3 (ipykernel)",
   "language": "python",
   "name": "python3"
  },
  "language_info": {
   "codemirror_mode": {
    "name": "ipython",
    "version": 3
   },
   "file_extension": ".py",
   "mimetype": "text/x-python",
   "name": "python",
   "nbconvert_exporter": "python",
   "pygments_lexer": "ipython3",
   "version": "3.11.3"
  }
 },
 "nbformat": 4,
 "nbformat_minor": 5
}
